0.000318 0.000318 0.000318
0.038908 0.038908 0.038908
0.063915 0.063915 0.063915
0.097692 0.097692 0.097692
0.993887 0.993887 0.993887
0.001194 0.001194 0.001194
0.000999 0.000999 0.000999
10.932600 10.932600 10.932600
0.207410 0.207410 0.207410
2008.650000 2008.650000 2008.650000
0.231900 0.231900 0.231900
1988.960000 1988.960000 1988.960000
10.342800 10.342800 10.342800
16.853000 16.853000 16.853000
233.012000 233.012000 233.012000
6.255930 6.255930 6.255930
0.760913 0.760913 0.760913
1998.190000 1998.190000 1998.190000
7.797470 7.797470 7.797470
0.497024 0.497024 0.497024
1.070650 1.070650 1.070650
1.147330 1.147330 1.147330
0.939082 0.939082 0.939082
7.680920 7.680920 7.680920
