0.000348 0.000348 0.000348
0.036299 0.036299 0.036299
0.061769 0.061769 0.061769
0.099158 0.099158 0.099158
0.992894 0.992894 0.992894
0.001013 0.001013 0.001013
0.000603 0.000603 0.000603
14.014900 14.014900 14.014900
0.272242 0.272242 0.272242
2014.530000 2014.530000 2014.530000
0.202513 0.202513 0.202513
1988.660000 1988.660000 1988.660000
9.673480 9.673480 9.673480
19.170700 19.170700 19.170700
237.789000 237.789000 237.789000
8.737870 8.737870 8.737870
0.427221 0.427221 0.427221
1998.200000 1998.200000 1998.200000
6.107600 6.107600 6.107600
0.480978 0.480978 0.480978
1.110600 1.110600 1.110600
1.145680 1.145680 1.145680
1.162950 1.162950 1.162950
13.495500 13.495500 13.495500
